1.718968999999999969e+00
1.811506999999999978e+00
1.527084000000000108e+00
1.454402999999999890e+00
0.000000000000000000e+00
1.577906999999999949e+00
1.433626000000000067e+00
1.436360000000000081e+00
1.434174000000000060e+00
1.400489000000000095e+00
1.368014000000000063e+00
1.487114999999999965e+00
1.469400000000000039e+00
1.428468999999999989e+00
1.410733000000000015e+00
1.467843999999999927e+00
1.410511999999999988e+00
1.394333999999999962e+00
1.395216000000000012e+00
1.386644999999999905e+00
